01110010001100000011101100111110
00000000000000000000000000000001
00000000000000000000000000000011
00000000
00000000000000000000000000000110
010111110111001101110100011000010111001001110100
00000001
00000000000000000000000000000100
01101101011000010110100101101110
00000010
00000000000000000000000000001101
01001000011001010110110001101100011011110010110000100000011101110110111101110010011011000110010000100001
00000000000000000000000000000010
00000000000000000000000000000000
00000000000000000000000000000000
00000000000000000000000000000000
00000000000000000000000000000011
00000000000000000000000000000001
01001010
00000000000000000000000000000001
00000000000000000000000000000001
00000000000000000000000000000000
00000000000000000000000000000000
00000000000000000000000000000000
00000000000000000000000000000100
00000001
0000000000000000000000000000000000000000000000000000000000000010
01010111
01011000
01001001